100000000000000000000000000000000000000000000000000000000000000000000000000000000
010000000000000001010101010101010101010101010101010101010101010101010101010101010
010000000000000011011101110111011101110111011101110111011101110111011101110111011
010000100000000101100110011001100110011001100110011001100110011001100110011001100
010001000001000111101110111011101110111011101110111011101110111011101110111011101
010001100010001001110111011101110111011101110111011101110111011101110111011101110
010010000011001011111111111111111111111111111111111111111111111111111111111111111
010010100100001100000000000000000000000000000000000000000000000000000000000000000
010011000101001110001000100010001000100010001000100010001000100010001000100010001
010011100110010000010001000100010001000100010001000100010001000100010001000100010
010100000111010010011001100110011001100110011001100110011001100110011001100110011
010100101000010100100010001000100010001000100010001000100010001000100010001000100
010101001001010110101010101010101010101010101010101010101010101010101010101010101
010101101010011000110011001100110011001100110011001100110011001100110011001100110
010110001011011010111011101110111011101110111011101110111011101110111011101110111
010110101100011101000100010001000100010001000100010001000100010001000100010001000
010111001101011111001100110011001100110011001100110011001100110011001100110011001
010111101110100001010101010101010101010101010101010101010101010101010101010101010
010000001111100011011101110111011101110111011101110111011101110111011101110111011
010000100000100101100110011001100110011001100110011001100110011001100110011001100
010001000001100111101110111011101110111011101110111011101110111011101110111011101
010001100010101001110111011101110111011101110111011101110111011101110111011101110
010010000011101011111111111111111111111111111111111111111111111111111111111111111
010010100100101100000000000000000000000000000000000000000000000000000000000000000
010011000101101110001000100010001000100010001000100010001000100010001000100010001
010011100110110000010001000100010001000100010001000100010001000100010001000100010
010100000111110010011001100110011001100110011001100110011001100110011001100110011
010100101000110100100010001000100010001000100010001000100010001000100010001000100
010101001001110110101010101010101010101010101010101010101010101010101010101010101
010101101010111000110011001100110011001100110011001100110011001100110011001100110
010110001011111010111011101110111011101110111011101110111011101110111011101110111
010110101100111101000100010001000100010001000100010001000100010001000100010001000
010111001101111111001100110011001100110011001100110011001100110011001100110011001
000111101110000000000000000000000000000000000000000000000000000000000000000000000
000000001111000000000000000000000000000000000000000000000000000000000000000000000
000000100001000011111111011011100101110101001100001110110010101000011001000010000
010000100001000011111111011011100101110101001100001110110010101000011001000010000
010000100001000010000000100100011010001010110011110001001101010111100110111101111
000000000000000000000000000000000000000000000000000000000000000000000000000000000