00000000000000000000000000000000000000000000000000000000000000000000000000000000000000000000000000000000000000000000000000000000
00000000000000000000000000000000000000000000000000000000000000000000000000000000000000000000000000000000000000000000000000000000
00000000000000000000000000000000000000000000000000000000000000000000000000000000000000000000000000000000000000000000000000000000
10111011101110111011101110111011101110111011101110111011101110110000000000000000000000000000000000000000000000000000000000000000
11001100110011001100110011001100110011001100110011001100110011001011101110111011101110111011101110111011101110111011101110111011
11011101110111011101110111011101110111011101110111011101110111011100110011001100110011001100110011001100110011001100110011001100
11101110111011101110111011101110111011101110111011101110111011101101110111011101110111011101110111011101110111011101110111011101
11111111111111111111111111111111111111111111111111111111111111111110111011101110111011101110111011101110111011101110111011101110
00000000000000000000000000000000000000000000000000000000000000001111111111111111111111111111111111111111111111111111111111111111
00010001000100010001000100010001000100010001000100010001000100010000000000000000000000000000000000000000000000000000000000000000
00100010001000100010001000100010001000100010001000100010001000100001000100010001000100010001000100010001000100010001000100010001
00110011001100110011001100110011001100110011001100110011001100110010001000100010001000100010001000100010001000100010001000100010
01000100010001000100010001000100010001000100010001000100010001000011001100110011001100110011001100110011001100110011001100110011
01010101010101010101010101010101010101010101010101010101010101010100010001000100010001000100010001000100010001000100010001000100
01100110011001100110011001100110011001100110011001100110011001100101010101010101010101010101010101010101010101010101010101010101
01110111011101110111011101110111011101110111011101110111011101110110011001100110011001100110011001100110011001100110011001100110
10001000100010001000100010001000100010001000100010001000100010000111011101110111011101110111011101110111011101110111011101110111
10011001100110011001100110011001100110011001100110011001100110011000100010001000100010001000100010001000100010001000100010001000
00000000000000000000000000000000000000000000000000000000000000001001100110011001100110011001100110011001100110011001100110011001
10111011101110111011101110111011101110111011101110111011101110110000000000000000000000000000000000000000000000000000000000000000
11001100110011001100110011001100110011001100110011001100110011001011101110111011101110111011101110111011101110111011101110111011
11011101110111011101110111011101110111011101110111011101110111011100110011001100110011001100110011001100110011001100110011001100
11101110111011101110111011101110111011101110111011101110111011101101110111011101110111011101110111011101110111011101110111011101
11111111111111111111111111111111111111111111111111111111111111111110111011101110111011101110111011101110111011101110111011101110
00000000000000000000000000000000000000000000000000000000000000001111111111111111111111111111111111111111111111111111111111111111
00010001000100010001000100010001000100010001000100010001000100010000000000000000000000000000000000000000000000000000000000000000
00100010001000100010001000100010001000100010001000100010001000100001000100010001000100010001000100010001000100010001000100010001
00110011001100110011001100110011001100110011001100110011001100110010001000100010001000100010001000100010001000100010001000100010
01000100010001000100010001000100010001000100010001000100010001000011001100110011001100110011001100110011001100110011001100110011
01010101010101010101010101010101010101010101010101010101010101010100010001000100010001000100010001000100010001000100010001000100
01100110011001100110011001100110011001100110011001100110011001100101010101010101010101010101010101010101010101010101010101010101
01110111011101110111011101110111011101110111011101110111011101110110011001100110011001100110011001100110011001100110011001100110
10001000100010001000100010001000100010001000100010001000100010000111011101110111011101110111011101110111011101110111011101110111
10011001100110011001100110011001100110011001100110011001100110011000100010001000100010001000100010001000100010001000100010001000
00000000000000000000000000000000000000000000000000000000000000001001100110011001100110011001100110011001100110011001100110011001
10111011101110111011101110111011101110111011101110111011101110111011101110111011101110111011101110111011101110111011101110111011
10111011101110111011101110111011101110111011101110111011101110111011101110111011101110111011101110111011101110111011101110111011
11111110110111001011101010011000011101100101010000110010000100001111111011011100101110101001100001110110010101000011001000010000
00000001001000110100010101100111100010011010101111001101111011110000000100100011010001010110011110001001101010111100110111101111