100000000000000000000000000110011
000000000000100000000000010010011
000000000001000000000000100010011
000000000000100010000000110110011
000000000000100010000001000111011
001000000000100010000001010110011
001000000000100010000001100111011
000000000000100010001001110110011
000000000000100010001010000111011
000000000000100010010010010110011
000000000000100010011010100110011
000000000000100010100010110110011
000000000000100010101011000110011
000000000000100010101011010111011
001000000000100010101011100110011
001000000000100010101011110111011
000000000000100010110100000110011
000000000000100010111100010110011
000000000000000000000000000110011
000000000000000000000000000110011
000000000000000000000000000110011
000000000000000000000000000110011
000000000000000000000000000110011